18 485
335 296
468 226
151 297
378 387
323 156
97 29
264 68
287 238
29 51
244 348
87 411
461 292
277 153
50 189
494 355
345 45
116 92
288 214
317 241
190 388
81 468
308 226
162 403
348 259
403 98
350 113
330 269
106 199
27 84
349 190
162 196
307 136
67 16
493 364
143 94
201 200
483 117
115 184
265 198
109 235
291 239
343 269
217 203
371 326
253 401
76 8
469 105
270 258
10 282
30 40 2 31 13 8 11 34 12 14 50 3 42 16 21 27 5 23 41 24 25 6 26 48 9 18 44 17 49 7 33 28 47 45 22 10 43 35 46 36 29 4 37 32 19 38 20 39 15 1 
27 40 23 21 6 16 3 38 29 12 17 48 47 44 14 43 1 15 28 20 5 24 37 9 45 31 26 41 18 13 32 25 36 46 11 4 30 39 35 22 33 34 2 7 42 8 49 10 50 19 
43 7 38 39 13 27 30 8 21 40 12 4 29 1 18 15 20 22 23 35 32 9 3 10 46 26 49 37 24 6 33 16 44 45 2 19 36 47 41 31 5 50 11 48 17 25 14 28 34 42 
19 28 37 27 48 42 31 4 24 41 46 50 34 10 30 6 18 11 32 39 22 1 9 8 33 2 47 5 12 17 44 3 29 35 21 7 16 13 49 36 45 43 26 15 25 40 14 38 23 20 
2 38 27 18 35 49 24 17 40 19 32 28 5 33 25 15 43 8 14 31 7 10 37 42 3 4 12 20 11 30 16 23 47 48 13 45 39 44 9 29 41 46 1 21 26 50 34 6 36 22 
44 41 21 19 17 23 6 26 14 27 25 37 24 45 12 11 5 7 30 47 22 13 36 8 9 31 18 29 4 39 50 32 10 43 1 35 40 3 2 42 46 28 48 15 34 38 49 33 16 20 
2 36 13 49 26 8 5 10 45 39 34 38 3 40 15 20 24 16 17 25 35 33 47 41 28 48 14 43 18 29 31 7 44 21 1 37 46 19 32 9 11 6 12 23 22 42 4 27 30 50 
6 11 17 2 25 30 29 1 19 7 41 13 44 18 36 50 24 5 32 3 16 23 27 42 39 20 40 8 45 46 49 48 43 15 38 12 35 26 4 28 21 33 22 34 37 10 9 31 47 14 
7 24 20 12 14 43 9 26 44 5 32 49 38 10 1 37 30 41 13 15 17 16 22 39 48 21 29 47 40 11 45 33 36 27 19 25 23 46 31 35 50 42 3 6 18 2 34 4 8 28 
3 33 49 38 46 47 34 19 11 50 12 9 20 31 16 39 32 30 28 45 25 43 22 6 44 41 2 10 48 23 17 7 42 24 14 36 8 35 5 13 37 18 1 15 29 26 40 27 21 4 
48 14 50 3 31 10 29 12 7 43 18 15 21 42 38 20 44 24 36 23 47 9 13 4 32 30 33 16 5 19 27 45 1 22 35 6 17 41 40 49 28 26 11 2 39 34 46 37 8 25 
30 4 48 8 49 28 6 29 42 39 1 22 46 5 2 44 21 43 50 17 18 35 7 33 32 13 25 41 26 16 14 11 37 23 40 34 9 3 10 20 19 31 47 27 15 12 38 24 36 45 
5 21 46 14 43 25 8 44 3 17 15 1 28 50 13 36 23 30 39 34 19 11 27 35 49 38 20 10 45 7 12 32 6 47 2 40 29 42 18 22 48 4 9 26 16 24 31 41 33 37 
18 40 3 7 27 16 49 9 13 19 48 34 41 47 26 44 32 38 29 45 43 25 11 1 39 30 36 28 42 4 6 10 37 46 23 8 24 35 50 17 5 22 2 20 33 15 21 14 31 12 
12 24 38 32 2 27 4 40 22 17 25 31 36 48 50 46 35 44 43 1 41 5 47 34 23 7 3 39 16 45 19 15 9 30 20 6 26 14 18 13 37 11 29 42 21 8 10 49 33 28 
18 22 35 43 20 32 44 30 45 27 34 6 40 28 5 8 36 33 46 14 1 26 31 38 47 9 4 7 41 17 25 23 19 12 50 21 15 11 39 16 48 13 29 24 42 10 49 37 3 2 
45 14 30 31 21 48 17 4 27 22 6 43 15 37 28 23 46 18 26 24 33 44 5 2 7 49 13 32 41 11 10 8 29 9 42 1 36 3 20 19 35 25 38 16 47 34 39 50 40 12 
4 12 21 24 19 3 31 46 17 43 13 22 42 25 26 48 10 20 14 15 11 1 38 33 16 2 34 7 49 40 32 28 5 41 18 50 6 36 45 37 29 30 9 39 35 8 47 44 23 27 
40 14 29 20 32 43 35 48 46 25 30 16 3 42 19 34 41 45 11 10 8 31 38 24 13 2 37 18 47 9 50 15 4 17 36 21 27 28 5 6 44 12 22 39 33 7 23 49 26 1 
12 15 23 10 16 21 4 1 24 29 8 46 47 27 5 2 44 36 22 25 26 43 9 13 18 40 33 41 11 49 45 32 38 3 6 14 31 42 30 17 20 50 19 37 39 34 28 48 7 35 
39 1 8 17 49 3 15 23 24 19 48 5 47 33 35 29 44 7 45 22 27 50 34 2 26 41 32 40 38 42 10 21 9 46 18 30 43 13 11 12 20 37 4 28 25 36 16 6 31 14 
11 27 48 42 40 14 10 25 20 15 36 21 13 30 7 39 47 24 37 28 18 29 43 33 34 1 26 12 4 46 6 19 16 17 32 23 5 22 41 31 35 45 2 49 3 50 8 38 9 44 
24 49 25 36 35 20 18 26 41 28 27 34 37 19 14 12 10 30 47 50 42 8 43 21 44 2 46 31 39 9 33 45 17 29 6 23 32 15 38 48 22 5 40 13 1 16 4 11 7 3 
42 15 21 50 26 35 46 27 9 8 47 23 13 29 19 34 4 30 38 31 36 49 11 32 1 18 3 43 10 6 7 40 22 25 48 45 17 16 44 41 5 28 39 2 37 12 20 24 33 14 
18 38 21 9 28 4 32 26 41 36 42 31 30 12 22 50 34 15 23 16 43 48 20 19 25 47 17 37 45 6 7 14 11 40 24 8 39 35 3 10 13 49 27 44 46 2 5 33 1 29 
22 33 14 39 36 13 11 6 49 2 45 21 24 5 23 47 38 43 31 42 20 26 32 19 7 3 28 4 40 48 37 8 30 15 44 1 12 18 50 34 29 27 17 10 16 9 46 35 41 25 
23 50 6 9 3 17 46 32 44 25 24 29 21 35 31 34 30 33 42 45 38 27 39 5 10 2 41 36 40 49 47 8 37 18 4 20 22 11 7 43 14 13 28 26 19 15 48 1 12 16 
1 5 41 8 31 2 26 33 38 23 35 49 24 22 6 27 3 32 36 13 39 7 10 17 20 14 43 45 21 46 19 50 12 48 11 42 37 25 9 34 28 15 40 44 29 18 16 30 47 4 
43 32 22 2 9 15 6 50 10 36 49 18 5 14 30 1 23 24 45 44 35 34 3 13 8 4 25 16 27 21 33 38 19 37 20 7 28 17 29 41 39 26 12 11 40 42 46 31 47 48 
1 23 6 42 7 16 44 27 48 18 5 41 26 25 4 30 17 37 36 38 40 34 10 33 12 39 28 19 15 3 32 20 13 45 35 29 8 47 14 46 31 21 2 22 24 43 49 50 9 11 
20 3 33 36 30 48 29 34 49 47 10 13 31 26 5 2 45 9 43 21 8 40 17 46 50 23 1 25 37 32 12 15 42 38 14 18 44 11 41 4 39 24 19 22 16 35 27 28 6 7 
7 43 46 16 18 10 4 25 15 44 41 20 50 35 30 33 21 9 36 40 27 1 47 28 48 23 49 3 2 34 13 32 39 12 24 38 26 5 42 8 6 14 31 22 29 45 19 37 11 17 
39 40 28 45 33 1 11 15 2 48 42 21 34 8 47 12 16 36 44 29 24 19 20 26 22 37 3 17 49 35 31 10 5 41 23 9 30 27 18 46 14 43 6 7 38 13 32 50 25 4 
5 43 42 8 17 32 50 30 22 45 44 48 10 9 2 7 19 49 38 34 41 24 18 15 14 25 11 13 36 35 20 6 27 31 16 37 12 40 28 23 4 3 26 1 39 47 46 21 29 33 
27 40 11 46 45 6 13 14 34 22 30 10 50 36 9 12 1 5 39 37 20 25 4 21 16 29 28 33 15 48 7 19 17 23 49 24 43 18 47 3 42 44 38 2 8 41 31 32 26 35 
17 32 7 27 3 9 22 2 41 40 23 4 1 39 16 14 43 28 12 46 37 19 24 11 21 8 18 31 47 38 36 50 20 35 44 42 49 33 10 48 29 15 25 6 13 45 34 5 26 30 
3 23 33 34 27 20 2 17 46 38 18 10 32 1 44 7 11 39 30 4 37 47 6 25 22 41 36 40 9 16 49 21 45 26 35 48 43 42 50 28 5 15 31 13 19 29 8 12 14 24 
48 34 21 4 42 36 30 11 28 20 24 50 9 2 14 47 44 10 29 27 12 17 1 18 32 6 39 25 49 8 38 13 7 46 5 22 33 40 37 3 35 45 16 31 19 15 26 41 23 43 
50 21 30 6 22 19 45 32 47 18 26 14 34 9 16 3 13 28 25 31 11 33 2 17 4 27 23 37 35 10 8 49 20 29 46 12 42 24 38 5 39 36 44 40 15 48 7 41 43 1 
18 38 44 11 7 22 35 6 34 48 14 39 42 2 29 40 37 30 46 49 25 12 43 50 41 33 10 45 17 27 15 28 9 5 23 8 36 21 24 26 32 1 4 19 16 13 20 3 47 31 
41 22 4 25 9 42 30 44 13 37 7 40 15 29 8 33 24 17 38 50 19 48 47 20 43 46 23 6 35 21 27 26 1 45 5 36 18 28 39 2 14 32 3 10 12 31 49 34 16 11 
29 25 41 32 35 8 45 11 14 17 37 31 6 18 34 46 38 24 50 39 5 30 28 21 36 26 4 20 48 33 3 22 27 40 16 23 9 1 42 19 15 43 7 13 10 12 2 47 44 49 
10 26 34 31 18 29 36 43 5 42 20 6 1 40 7 3 21 14 25 19 46 41 16 37 38 33 47 50 39 17 9 48 13 15 49 28 23 27 35 32 22 11 30 8 44 12 2 24 4 45 
50 15 32 34 37 7 25 30 24 48 36 26 44 35 11 1 2 27 19 38 6 12 43 40 45 3 4 8 5 21 16 46 13 33 23 9 20 39 18 49 17 22 31 29 47 41 14 10 28 42 
11 36 30 6 47 12 18 37 48 17 4 19 8 26 13 22 3 7 28 50 27 34 2 39 24 10 31 33 40 1 44 14 20 5 15 38 46 16 25 35 9 21 43 45 29 32 41 49 23 42 
28 24 7 20 30 40 36 45 19 37 26 5 11 3 34 38 14 10 12 15 48 13 4 17 49 8 41 1 22 47 31 9 50 29 18 21 46 42 33 32 39 16 35 6 43 23 25 27 2 44 
32 37 3 7 4 31 46 34 40 25 6 33 16 20 9 11 36 24 5 18 15 30 48 21 49 10 29 39 50 14 26 27 42 1 41 44 12 38 19 17 8 43 47 28 2 35 22 13 45 23 
33 34 49 19 21 28 37 27 46 50 3 31 5 7 24 4 35 36 26 41 2 8 30 11 14 45 20 6 42 25 23 1 39 12 47 15 40 38 44 9 29 32 43 16 18 17 48 22 13 10 
43 20 12 18 8 49 3 10 26 17 24 4 37 35 36 44 30 41 46 31 29 40 1 21 5 22 14 39 38 23 42 2 28 33 19 6 45 25 32 13 34 11 7 16 15 27 47 48 50 9 
48 11 20 14 40 29 41 17 31 3 38 28 1 7 24 27 34 43 8 42 21 4 12 30 5 16 33 50 22 15 39 13 19 49 9 35 44 45 10 6 47 23 32 37 36 25 26 2 46 18 
1 39 5 46 36 33 23 47 40 45 10 17 11 15 48 3 18 34 37 32 7 49 25 24 21 8 2 28 41 30 35 26 38 13 6 14 44 19 4 20 9 29 42 50 12 43 22 16 31 27 
48 1 27 10 24 5 46 31 14 9 13 17 38 21 26 11 6 45 43 25 44 2 16 22 34 20 49 18 47 8 33 7 30 15 35 41 36 3 37 29 4 28 23 40 42 19 50 12 39 32 
12 10 16 45 32 21 28 2 39 35 4 19 48 43 3 47 34 18 13 5 26 7 9 40 37 20 1 23 11 17 27 24 14 41 33 46 49 6 42 15 31 25 29 30 50 44 22 8 38 36 
40 31 24 45 37 18 26 4 7 21 50 38 44 30 12 19 35 16 27 49 1 23 11 25 29 3 39 34 9 2 42 48 43 5 6 13 20 41 28 8 33 14 36 17 15 10 46 32 47 22 
5 31 12 18 38 19 34 26 44 13 25 24 16 35 48 22 50 49 42 1 15 3 41 8 37 29 30 45 2 40 28 9 36 10 43 27 14 11 6 47 33 21 4 17 7 23 32 46 20 39 
12 5 41 42 50 48 24 34 45 10 4 19 44 8 22 32 25 7 49 38 40 31 2 14 46 35 33 28 18 15 17 27 39 3 9 37 6 29 11 30 1 36 20 26 21 23 13 16 43 47 
30 23 8 43 24 34 33 17 25 20 32 12 28 5 2 18 1 38 19 42 49 40 36 48 22 50 16 14 45 3 21 46 7 27 37 13 29 41 11 39 35 44 26 4 15 10 9 31 47 6 
41 35 32 8 48 50 3 14 27 23 4 25 18 38 42 11 16 22 9 6 10 7 34 20 5 49 28 2 21 17 45 30 39 46 31 15 24 37 13 40 36 33 1 12 44 26 29 47 19 43 
24 2 18 36 30 48 23 35 46 28 39 31 3 25 50 1 13 33 41 19 22 7 9 20 15 10 5 29 16 43 37 26 12 14 11 49 47 42 27 6 4 45 32 38 34 40 21 44 17 8 
1 41 13 10 19 45 7 15 49 48 33 21 50 4 39 38 16 46 23 31 24 40 2 11 18 26 22 37 28 5 42 43 3 9 30 32 12 14 17 6 29 35 27 47 36 8 34 20 25 44 
18 34 23 39 30 35 3 43 45 13 29 10 7 44 16 33 24 25 11 36 9 28 41 14 47 12 5 37 48 2 15 17 21 46 50 8 4 32 49 19 6 1 27 26 20 22 42 31 40 38 
5 49 35 13 31 33 37 15 44 29 41 28 10 34 24 14 17 30 21 19 7 9 1 2 11 43 26 6 39 38 46 32 22 20 25 23 3 18 48 36 47 12 16 8 50 4 42 40 27 45 
49 2 47 8 10 24 27 14 41 5 34 20 35 22 46 44 21 32 11 30 28 18 43 6 9 36 38 13 26 23 33 39 1 29 45 3 17 42 50 31 19 7 15 40 16 25 4 12 48 37 
1 29 24 41 48 40 26 32 10 21 37 31 33 49 19 50 6 45 4 9 14 44 47 3 12 5 30 46 35 13 34 8 16 38 17 36 43 39 42 11 27 20 25 23 2 28 7 15 18 22 
7 5 20 33 50 19 48 30 46 18 12 44 27 3 29 17 42 9 31 23 22 36 14 45 21 24 4 38 41 28 26 47 10 40 13 25 1 35 49 11 34 6 15 16 2 37 32 39 8 43 
48 43 33 45 19 9 17 34 15 1 31 36 50 28 41 40 32 25 18 22 6 23 4 20 38 27 21 8 35 37 26 11 42 12 14 10 39 44 49 30 47 24 46 2 13 7 5 16 3 29 
43 35 46 19 21 50 13 1 12 9 39 40 10 2 8 27 17 28 3 30 44 49 29 41 36 25 16 7 6 34 33 48 5 18 15 26 22 24 23 47 4 14 20 32 45 11 31 42 38 37 
31 30 24 38 10 48 43 17 1 46 49 28 15 50 34 13 22 47 9 29 25 16 4 21 40 8 44 37 6 14 12 33 20 32 7 3 41 26 39 23 5 45 35 2 19 36 11 27 18 42 
41 18 7 50 47 17 8 5 37 49 42 23 38 11 19 3 16 24 43 6 35 32 12 39 33 13 20 40 28 31 27 34 45 22 21 15 48 4 44 14 25 2 26 10 1 30 29 36 9 46 
41 39 3 16 6 31 1 8 22 20 27 4 15 32 37 28 12 50 18 10 42 2 26 36 25 23 9 24 48 19 43 7 11 17 13 33 5 49 34 35 47 14 30 44 45 46 38 40 29 21 
31 13 15 40 25 2 35 10 28 7 20 32 24 17 21 11 45 44 48 12 49 26 38 9 33 43 8 41 6 47 39 34 4 5 37 3 50 18 27 46 42 22 36 14 19 29 16 23 1 30 
29 8 44 43 15 7 4 27 23 36 49 12 31 9 3 37 18 24 39 1 47 14 48 17 40 50 45 2 19 42 38 35 30 32 13 26 34 21 22 5 6 16 28 25 41 10 20 33 46 11 
42 49 45 14 13 24 21 16 17 19 32 2 41 22 10 30 38 39 40 34 15 7 43 9 23 6 25 1 20 35 11 33 31 37 3 44 27 4 26 5 50 18 8 47 12 29 46 48 28 36 
12 16 13 7 6 19 45 4 43 1 30 50 48 17 41 5 22 35 46 49 20 34 44 40 38 18 31 47 39 14 2 27 21 29 37 10 25 24 28 8 42 26 36 32 3 23 11 9 33 15 
32 20 38 19 23 9 41 30 17 8 21 46 3 15 24 22 18 28 10 7 48 50 39 43 34 36 47 29 2 11 1 5 42 14 26 4 35 33 31 49 27 25 37 40 16 6 45 44 13 12 
34 36 24 2 10 46 6 19 17 16 18 29 35 38 11 47 44 41 30 13 23 26 4 28 31 14 37 27 3 7 32 8 1 42 15 33 9 40 20 5 22 50 12 39 21 49 48 45 43 25 
28 39 44 2 15 34 22 20 10 36 40 6 25 47 18 14 5 30 8 49 7 27 41 31 12 50 23 48 46 9 13 19 42 1 33 45 24 21 11 35 3 29 26 32 38 17 43 16 37 4 
14 46 8 42 16 37 35 7 43 47 21 12 10 48 24 2 4 36 31 22 39 18 28 13 40 30 1 49 5 44 19 27 29 9 11 23 32 38 6 15 33 20 50 17 25 41 45 3 34 26 
4 14 31 11 27 18 9 22 28 47 20 19 16 40 12 48 41 37 6 38 21 35 15 13 3 7 32 5 24 17 46 30 44 34 50 10 45 36 2 25 49 23 43 33 42 8 26 1 29 39 
48 38 42 33 19 43 25 15 23 16 39 31 18 6 1 8 24 21 17 10 29 20 47 27 40 45 46 50 49 35 30 44 34 36 13 22 28 11 9 5 12 3 32 7 41 2 4 26 37 14 
29 12 25 14 34 19 35 24 28 31 49 50 40 44 33 23 4 32 22 11 41 42 37 15 3 1 2 43 38 21 13 46 30 5 16 6 8 10 7 18 9 17 39 27 47 20 48 36 26 45 
40 38 27 49 22 43 21 37 45 12 7 29 3 8 44 33 15 16 26 30 17 18 28 19 31 36 50 9 13 1 4 24 10 34 6 5 47 20 42 11 32 39 46 48 41 14 23 25 35 2 
24 32 36 47 39 1 45 15 2 40 5 21 34 26 7 6 33 37 35 8 16 13 14 44 31 49 42 29 46 27 11 41 43 12 23 28 17 9 10 19 18 20 22 30 48 25 50 4 38 3 
10 49 38 18 17 13 27 45 9 11 41 47 12 28 35 14 29 4 39 37 21 30 20 44 3 26 1 32 43 6 24 46 19 36 42 22 23 7 34 31 15 48 50 8 16 2 40 33 5 25 
16 31 33 27 19 6 20 41 11 12 43 1 2 18 24 40 48 29 39 35 21 13 28 9 14 3 46 36 32 44 8 49 38 30 15 26 45 7 23 25 50 34 37 47 4 42 10 17 5 22 
16 29 21 44 24 38 1 20 30 39 2 47 49 41 43 40 9 36 7 8 22 45 17 48 6 13 46 3 5 50 28 32 31 25 37 33 26 10 35 34 42 27 15 18 11 12 14 23 4 19 
24 1 14 42 30 23 12 21 10 2 11 9 37 15 8 45 16 44 25 41 13 36 28 31 48 43 27 47 46 17 38 4 34 6 26 29 32 22 20 50 33 39 5 18 7 40 49 19 3 35 
33 48 29 12 46 40 21 37 24 30 17 39 31 32 25 15 11 9 26 47 27 41 22 45 16 6 36 42 19 3 13 10 34 8 35 49 5 28 50 44 43 18 14 7 20 2 38 4 23 1 
37 4 18 10 17 40 2 25 23 15 35 50 12 6 36 45 1 39 11 38 9 21 5 43 8 46 20 32 34 30 22 26 49 29 3 33 28 19 31 7 44 42 24 47 48 27 13 41 16 14 
6 3 5 46 8 7 38 42 47 39 9 14 49 45 18 34 27 44 30 40 12 22 50 21 24 33 16 15 1 19 37 10 41 28 35 36 25 26 29 32 20 43 48 17 2 4 13 31 23 11 
11 12 3 10 43 44 18 30 38 45 36 19 27 7 39 15 40 41 31 49 25 32 16 33 29 13 8 26 22 23 48 2 34 9 35 28 5 17 46 20 4 24 21 1 50 6 14 37 47 42 
34 17 30 10 14 16 36 37 12 28 40 6 25 11 8 7 46 19 39 24 32 9 38 50 47 4 45 15 33 29 5 21 31 42 20 1 44 49 48 41 3 35 23 26 13 22 27 2 18 43 
11 37 4 31 9 23 38 48 46 42 36 22 25 1 7 17 20 30 3 26 6 39 21 18 2 15 27 43 45 10 34 12 32 5 44 41 28 19 14 8 24 49 33 40 16 35 29 47 13 50 
12 24 6 15 35 23 19 25 46 14 45 39 1 31 40 32 48 20 17 49 11 26 21 18 50 47 41 13 22 43 38 10 29 16 27 3 5 2 28 30 42 33 4 37 34 9 36 8 7 44 
49 22 43 3 31 47 40 38 30 9 27 8 42 48 11 45 6 33 13 26 15 29 34 16 44 32 35 28 1 50 36 37 21 24 46 41 2 10 20 14 5 25 4 17 23 39 12 7 19 18 
5 36 49 21 24 1 20 22 19 40 4 48 12 26 9 8 17 15 23 2 10 30 42 44 31 6 41 28 29 39 18 25 50 11 46 37 13 35 33 16 47 3 14 43 27 7 34 32 45 38 
14 24 32 21 3 31 17 46 8 2 22 48 10 40 44 4 38 30 11 45 29 34 18 36 26 6 7 23 28 47 20 15 27 42 19 13 39 49 9 33 5 1 43 35 50 16 41 37 12 25 
45 23 7 21 2 16 39 27 12 22 18 30 17 25 26 28 44 37 11 40 1 9 19 50 29 6 48 33 38 15 31 14 46 13 3 43 47 34 35 42 8 20 5 10 49 32 24 36 4 41 
34 32 11 35 19 9 49 46 26 29 27 39 4 44 21 17 45 48 43 31 25 1 40 38 13 7 15 41 3 36 37 47 50 33 16 20 8 6 30 23 12 22 24 5 14 18 28 10 2 42 
21 39 38 8 6 28 19 44 3 48 5 36 20 7 9 26 37 12 46 43 40 45 50 41 22 49 1 31 2 25 47 23 18 42 33 4 35 13 27 15 10 34 32 11 24 29 30 16 14 17 
14 43 41 5 31 40 21 50 20 15 47 16 33 19 25 17 1 32 4 13 7 35 37 29 28 30 36 10 9 39 49 27 26 46 3 34 23 48 11 42 2 44 45 18 24 12 38 22 8 6 
24 13 28 8 39 26 22 45 6 16 48 7 5 33 3 10 49 31 29 17 30 23 27 20 34 40 15 46 36 4 43 41 42 14 2 35 12 37 18 9 47 21 50 38 32 11 44 25 19 1 
47 23 27 30 8 24 46 13 42 20 25 16 48 32 18 21 6 15 33 11 12 9 31 38 40 35 14 39 1 34 29 45 36 10 49 28 22 5 2 44 3 50 7 19 37 43 26 4 17 41 
10 37 1 13 12 48 7 23 32 9 39 49 22 40 30 6 50 2 33 18 16 29 43 24 15 38 5 20 47 35 36 25 14 42 4 26 28 17 31 21 44 27 19 34 46 41 3 45 8 11 
34 47 17 20 3 43 22 31 23 14 37 28 40 44 13 18 39 2 15 27 10 46 11 49 48 38 9 29 12 30 5 33 24 21 16 1 19 26 45 42 32 7 8 41 35 6 50 25 36 4 
12 32 8 7 47 21 42 1 4 49 9 41 10 15 27 17 33 50 35 29 44 37 34 46 13 18 43 2 5 36 45 19 39 48 28 31 3 20 16 25 30 26 24 14 23 6 38 40 22 11 
47 32 23 5 46 36 3 49 24 21 8 41 12 34 43 39 22 37 28 13 11 33 6 16 15 17 45 19 14 1 27 29 7 38 20 10 40 2 26 9 42 50 48 4 35 44 31 18 30 25 
48 16 47 4 12 22 38 29 43 24 8 45 20 6 18 35 13 17 3 27 30 9 33 42 2 1 5 36 19 7 32 21 26 46 44 28 37 41 11 50 34 39 15 31 40 10 49 14 23 25 
12 24 40 5 38 25 44 49 4 46 41 27 29 42 8 33 28 11 14 1 19 32 22 50 48 36 31 37 47 10 6 13 34 7 16 43 45 26 20 23 15 3 2 39 30 9 35 21 17 18 
13 11 9 30 39 35 19 15 26 40 32 2 6 28 31 47 8 7 10 12 4 41 36 45 18 38 17 5 23 1 22 21 34 42 29 49 44 43 16 3 25 20 46 14 50 48 37 24 33 27 
6 33 32 12 9 24 44 45 49 13 30 15 29 4 22 7 21 3 20 38 8 23 26 25 41 28 16 47 11 43 34 46 31 19 37 1 50 14 27 2 5 10 40 17 39 18 48 42 36 35 
46 3 20 40 16 6 35 29 36 38 32 1 30 2 39 21 31 9 15 7 17 48 33 43 11 49 42 13 5 44 22 37 18 19 23 41 50 34 12 10 28 24 45 4 8 14 26 27 25 47 
32 29 30 37 50 14 48 4 26 8 21 25 42 9 34 13 10 7 31 41 12 33 49 24 28 19 16 39 36 6 1 47 17 46 44 2 20 15 40 11 18 22 5 45 27 43 23 3 38 35 
43 35 11 16 28 19 30 13 39 45 7 26 23 25 31 1 12 2 40 14 47 21 32 37 10 18 29 24 42 49 4 17 38 33 50 9 3 5 15 20 46 41 6 27 8 36 44 34 48 22 
38 27 26 1 29 22 40 21 49 10 36 45 16 15 43 17 34 25 35 11 41 47 13 28 20 24 48 6 3 14 30 23 39 31 4 44 46 7 5 9 2 33 37 19 18 32 12 50 42 8 
41 14 46 18 34 21 5 13 12 9 8 35 25 22 28 24 23 7 29 1 31 39 42 44 11 26 40 38 4 17 32 43 20 3 27 10 49 48 33 19 36 37 16 45 30 6 50 2 15 47 
43 6 10 12 46 35 29 38 9 4 30 39 5 23 40 14 16 17 18 47 21 3 42 31 27 48 15 37 28 50 20 19 32 34 41 44 7 33 45 11 49 2 22 24 26 36 25 8 13 1 
2 24 16 15 8 42 29 9 1 45 11 48 13 39 32 31 35 26 27 28 40 36 46 44 5 23 10 47 7 21 19 37 4 17 6 18 25 14 34 43 12 22 38 3 50 49 41 30 20 33 
31 36 13 15 10 4 40 38 42 24 20 8 9 39 1 2 49 41 14 34 3 21 30 37 48 23 27 45 6 43 22 11 5 7 28 33 19 35 25 32 46 47 12 50 26 29 16 17 44 18 
45 13 42 19 11 15 8 35 26 20 30 31 47 32 50 1 14 46 9 48 6 28 29 34 24 37 39 36 21 33 2 43 40 44 18 41 23 4 5 27 17 25 38 3 10 7 49 16 12 22 
33 3 21 29 47 25 18 30 39 7 34 50 8 36 35 26 37 19 32 16 42 15 48 28 27 41 10 14 2 17 9 23 6 46 5 31 12 24 40 43 38 45 4 22 49 1 44 11 13 20 
8 40 50 45 32 21 38 22 28 11 10 30 35 13 46 14 37 17 29 15 9 20 7 31 26 42 34 19 47 23 39 6 3 33 41 12 27 5 25 18 16 4 44 43 24 1 49 36 48 2 
1 14 8 47 2 45 32 35 40 42 48 43 22 13 11 21 31 3 19 36 4 10 23 49 30 41 17 16 44 9 46 28 5 26 29 18 15 38 34 37 24 20 50 7 12 27 6 25 39 33 
41 11 9 43 22 26 3 37 24 34 18 19 30 40 31 33 29 46 20 50 45 21 49 10 28 27 15 4 2 35 12 23 25 6 44 42 1 48 36 38 5 16 14 32 17 39 7 8 47 13 
6 45 37 20 27 25 11 15 35 5 49 4 41 18 16 29 33 24 47 42 19 44 40 14 9 32 30 50 22 17 46 13 38 1 3 10 39 36 21 23 31 28 12 2 7 48 26 8 43 34 
35 33 30 41 12 26 36 46 19 14 40 21 45 10 29 11 15 49 39 18 34 20 44 24 1 8 7 37 5 43 27 16 42 38 3 31 9 22 48 50 6 2 28 47 13 17 4 32 25 23 
50 33 17 43 24 1 32 28 10 9 49 48 11 41 35 5 6 39 4 16 27 47 15 44 14 7 26 22 38 23 46 8 21 42 20 36 19 2 30 45 29 34 31 12 18 40 25 37 3 13 
3 1 45 35 8 27 17 50 38 30 10 48 20 46 42 39 31 32 33 12 26 19 11 5 49 22 44 21 40 6 16 25 9 24 14 13 7 47 15 34 37 18 2 28 4 43 29 23 36 41 
47 15 46 23 26 40 3 34 19 12 11 1 4 24 5 9 13 33 31 49 7 36 27 18 14 29 25 50 6 21 35 32 28 37 41 38 45 48 20 8 42 44 10 17 16 22 2 39 30 43 
37 28 4 20 9 14 25 32 30 49 7 34 19 1 50 48 15 33 12 17 2 6 13 42 35 23 27 3 26 38 46 24 16 43 29 36 47 45 21 39 5 18 22 44 8 41 10 11 31 40 
37 31 19 28 18 15 22 12 21 7 26 10 50 36 13 38 20 23 47 14 5 34 3 25 11 46 24 39 35 30 2 1 29 33 17 45 32 27 9 4 42 16 41 43 49 6 48 44 40 8 
12 42 46 2 43 24 18 11 20 41 1 31 45 39 32 25 6 30 49 15 13 33 35 16 19 47 38 40 23 8 28 26 3 37 29 4 9 10 5 22 7 50 48 21 14 36 34 27 17 44 
27 50 21 13 14 11 7 39 49 17 31 23 48 29 4 18 15 25 6 12 41 32 43 30 42 5 34 24 38 44 3 28 35 10 22 33 19 45 9 37 46 8 16 20 40 2 36 1 47 26 
46 9 23 33 1 16 12 5 29 10 17 4 24 35 47 39 19 11 48 42 45 34 15 6 8 36 44 27 49 50 7 13 26 41 37 14 30 43 21 3 40 22 25 32 2 18 20 38 28 31 
27 37 7 32 20 2 15 36 24 5 12 25 9 41 29 11 4 44 10 38 13 1 3 49 14 8 35 23 31 22 17 26 28 40 33 39 6 45 50 21 16 48 47 46 42 18 43 34 19 30 
34 5 33 32 2 42 28 26 23 14 24 25 16 15 6 4 12 40 41 11 18 21 17 44 37 1 46 48 35 50 29 7 8 43 20 9 45 36 31 38 22 49 39 3 10 13 30 19 27 47 
25 37 26 36 27 16 13 19 40 20 30 38 23 18 49 5 28 50 42 48 4 44 7 6 29 22 43 45 1 10 9 47 15 39 3 41 35 12 2 46 8 24 34 31 21 11 32 14 33 17 
50 16 35 2 28 38 22 1 3 46 11 33 47 43 21 40 26 24 4 29 14 44 48 10 49 8 42 9 12 41 18 34 31 27 19 45 20 13 36 5 23 32 37 6 15 17 25 39 7 30 
15 13 43 39 10 44 18 45 3 6 36 27 28 11 49 50 23 26 25 5 7 1 19 48 29 34 21 42 17 8 46 9 30 38 22 4 40 41 2 31 12 37 20 33 24 16 47 32 35 14 
25 12 3 27 5 32 50 35 11 26 2 23 6 40 29 42 36 28 24 38 14 34 10 1 39 37 8 19 21 4 49 44 30 45 31 13 18 48 46 15 22 33 9 7 41 20 17 16 43 47 
14 36 43 42 5 37 24 32 40 2 21 12 19 8 4 27 9 49 11 47 18 35 45 33 23 50 20 1 26 29 38 22 7 34 16 39 25 44 17 46 13 31 48 41 3 28 30 6 15 10 
12 21 23 43 41 8 15 3 44 6 27 29 5 40 10 49 24 33 28 45 13 2 20 25 35 26 39 32 1 38 48 22 47 9 16 7 31 34 19 46 14 11 4 30 37 36 50 17 18 42 
19 39 18 31 38 16 8 36 23 20 12 44 25 2 10 41 24 13 6 28 33 46 3 43 26 9 22 32 42 34 4 15 1 49 27 7 5 35 21 40 48 47 50 30 29 11 37 14 17 45 
8 49 37 42 41 15 22 50 26 44 46 32 3 14 29 48 21 43 17 12 40 2 47 36 6 38 30 13 5 20 7 10 23 34 16 45 33 18 25 39 24 19 9 4 28 1 35 31 11 27 
45 49 16 31 37 47 28 23 38 40 44 14 42 19 6 30 33 21 43 48 32 5 17 29 26 11 13 10 8 20 22 35 18 36 7 12 39 15 46 34 3 27 1 9 25 41 4 50 24 2 
31 23 7 35 21 48 50 9 16 45 38 43 8 29 28 44 26 6 33 42 27 17 4 5 34 24 11 22 49 15 20 12 41 13 37 1 2 39 36 10 19 30 47 32 18 40 25 3 46 14 
49 36 44 17 30 25 3 27 39 14 2 33 5 32 8 21 18 40 12 19 6 50 45 46 13 41 16 35 29 15 20 4 9 47 37 24 31 34 7 26 10 43 1 11 42 28 48 22 38 23 
36 50 45 41 19 8 16 21 43 2 22 4 34 31 35 29 28 48 12 46 20 49 13 10 25 33 30 39 38 26 27 14 11 32 23 1 40 15 44 17 47 7 3 18 5 6 24 9 42 37 
28 49 41 20 45 42 30 43 44 13 19 14 48 22 39 18 46 33 15 5 34 37 9 1 25 50 35 4 47 40 7 24 11 21 6 31 8 2 16 23 10 17 36 12 38 3 29 26 27 32 
13 22 7 14 29 23 11 44 24 9 48 16 34 38 28 49 15 42 6 30 17 47 31 43 32 19 45 4 5 39 46 12 3 2 26 27 1 10 36 41 40 50 8 33 20 18 37 35 25 21 
35 49 39 47 26 17 43 4 19 23 31 24 3 15 41 50 16 2 34 18 30 22 8 37 12 32 28 11 46 21 14 20 6 29 10 13 45 48 40 36 27 38 33 44 42 25 7 5 9 1 
2 46 16 37 13 18 28 41 15 7 19 44 27 36 39 5 50 33 9 1 32 49 43 23 45 47 42 40 29 10 17 20 4 21 31 48 34 6 11 38 12 24 14 35 8 26 30 3 25 22 
10 12 35 41 37 48 19 27 8 21 39 31 7 16 28 15 40 46 22 20 1 6 9 33 14 43 50 42 44 17 30 24 45 26 5 3 11 13 2 34 47 49 23 36 38 25 29 32 4 18 
33 18 20 6 41 21 23 22 40 10 49 1 7 24 9 28 29 32 42 47 39 44 8 25 37 50 2 16 27 13 36 19 30 11 34 5 15 3 4 45 48 31 38 35 46 43 17 14 26 12 
34 28 19 50 42 33 30 35 32 13 12 26 49 24 14 8 9 43 45 4 36 31 47 18 41 20 7 3 46 23 38 15 22 2 10 11 37 39 29 21 16 27 6 40 17 44 5 1 25 48 
44 2 24 42 43 21 25 33 37 15 3 38 30 46 28 34 45 5 18 7 4 11 47 13 8 1 36 17 9 31 12 16 19 14 10 23 26 50 49 20 48 32 27 41 22 6 29 40 35 39 
17 44 22 33 16 35 8 20 42 29 25 48 37 3 46 24 21 14 47 39 50 6 15 18 10 4 27 13 28 11 40 2 7 43 38 41 32 5 36 49 31 34 12 19 30 23 9 45 1 26 
39 33 18 19 7 37 8 32 28 41 31 30 9 50 3 2 24 10 14 29 15 48 20 23 6 27 42 47 34 12 16 1 17 46 11 21 49 13 22 36 45 5 38 43 4 40 35 44 25 26 
34 42 30 22 49 14 6 38 16 44 9 37 11 13 21 17 47 48 18 23 20 8 28 25 46 26 40 19 41 24 36 27 43 39 29 5 4 12 7 50 2 45 31 1 10 32 33 35 15 3 
44 43 12 41 27 39 13 15 36 7 17 20 32 3 33 45 16 25 22 40 49 35 5 8 34 29 23 19 24 2 47 10 42 37 9 21 31 18 30 48 38 11 28 4 26 50 1 46 6 14 
4 16 22 24 40 30 1 25 46 14 5 20 9 23 31 41 37 43 26 27 34 47 45 8 12 42 38 13 18 21 44 39 49 50 36 7 11 33 6 15 28 35 10 3 48 17 29 19 2 32 
1 27 12 18 43 37 3 41 23 32 5 33 7 2 19 22 17 11 21 40 35 29 47 36 42 45 28 46 6 14 34 20 48 13 15 39 49 44 9 25 4 26 31 50 24 30 16 38 10 8 
43 40 27 7 31 3 34 24 33 36 17 32 35 19 37 14 49 46 26 22 11 21 13 44 4 8 16 50 20 23 10 1 28 45 48 47 18 39 42 38 29 41 30 2 5 6 25 12 15 9 
32 5 14 17 26 31 24 41 30 8 16 38 29 42 22 25 50 35 9 43 2 10 39 27 6 21 47 20 34 48 36 4 19 11 40 3 12 37 49 44 18 46 15 7 13 23 1 28 33 45 
31 21 8 29 45 25 5 35 9 41 39 11 12 49 16 40 43 50 33 19 18 10 42 27 6 28 44 46 34 20 48 47 22 17 14 23 2 30 4 38 24 1 26 36 3 37 32 15 13 7 
17 41 5 14 32 40 29 7 35 45 30 1 6 38 33 11 20 50 37 46 36 10 18 47 2 3 43 24 8 19 27 15 48 49 28 42 16 26 23 9 12 31 22 34 21 13 44 4 25 39 
26 42 48 11 33 43 44 19 22 46 40 34 9 15 30 21 17 4 12 41 24 31 7 25 8 10 14 36 49 1 6 35 16 38 29 3 18 32 47 27 13 20 23 37 45 5 2 28 39 50 
32 33 49 22 10 26 16 50 37 46 21 41 48 42 35 11 4 9 36 8 47 43 13 18 1 23 28 34 14 15 39 6 38 3 29 12 40 24 27 44 31 45 30 25 19 2 7 20 5 17 
34 11 43 20 18 6 1 30 50 22 15 44 9 26 16 27 13 32 45 35 39 31 49 28 8 24 29 41 33 5 3 46 7 36 12 17 47 48 4 38 21 14 37 2 25 23 10 19 42 40 
47 8 13 39 21 6 5 17 36 35 12 19 40 11 14 34 50 28 23 9 15 46 38 1 10 27 41 3 37 24 26 44 20 31 48 29 33 30 45 2 7 4 43 32 22 18 49 25 16 42 
6 41 14 2 50 4 45 38 36 13 27 33 34 7 24 3 30 43 21 48 1 26 10 29 19 11 35 12 22 23 37 47 28 46 8 25 16 17 15 18 5 49 42 40 31 44 20 39 32 9 
6 27 37 22 10 21 15 25 24 26 40 50 2 13 7 36 46 48 49 18 1 44 11 20 39 16 34 23 29 43 45 38 17 28 35 31 47 9 5 8 41 19 42 33 3 32 30 4 12 14 
10 48 35 42 46 20 28 40 50 5 1 26 31 32 21 13 29 25 14 2 41 23 45 12 18 19 9 11 30 37 27 39 17 33 36 4 7 6 43 24 22 15 3 38 8 44 49 34 16 47 
18 44 40 22 33 3 35 14 24 13 28 11 29 39 26 7 9 32 31 34 8 6 19 36 46 15 20 42 2 30 45 49 48 16 27 1 38 37 50 10 41 23 43 4 12 17 5 47 25 21 
38 3 36 49 46 15 29 22 14 9 7 18 13 39 17 23 6 16 10 12 11 40 21 19 33 31 32 30 45 8 43 42 4 28 27 34 2 44 20 50 25 5 37 24 35 1 48 47 41 26 
8 44 46 5 33 7 48 43 10 49 28 26 3 11 2 42 25 50 22 37 18 24 23 4 30 27 34 12 14 21 39 47 6 15 40 32 9 45 16 31 35 41 38 19 36 20 17 13 29 1 
8 50 29 15 31 9 4 33 48 38 10 2 17 3 26 37 41 19 5 47 35 1 21 13 27 28 23 45 49 42 11 22 36 24 34 7 44 25 30 14 20 18 39 12 43 46 16 6 32 40 
4 8 37 21 20 13 22 23 16 17 1 24 33 45 42 14 18 11 3 46 41 15 48 35 39 38 9 12 28 34 19 29 6 10 32 31 43 36 49 5 25 40 2 7 44 30 27 47 50 26 
21 3 49 38 20 26 39 15 1 43 32 5 44 37 6 7 25 23 28 34 35 19 18 10 40 8 24 47 14 11 17 13 48 46 45 33 31 42 16 30 29 41 12 9 2 27 50 36 22 4 
39 25 28 27 47 44 30 14 48 10 42 5 21 17 18 8 12 33 40 13 46 16 6 9 45 32 37 43 49 24 38 34 7 31 11 4 29 20 35 2 41 22 19 1 26 3 36 15 50 23 
39 23 44 10 31 24 20 12 34 16 6 32 50 42 27 14 26 4 15 49 5 36 2 11 1 48 13 30 8 9 37 33 29 25 38 17 22 35 47 46 40 28 41 7 18 3 19 21 43 45 
33 49 26 47 5 43 21 46 42 15 1 17 19 39 9 37 24 50 8 45 14 25 31 28 32 16 38 13 41 12 18 11 36 40 22 27 29 2 23 4 30 10 20 48 35 34 6 3 7 44 
22 38 13 4 20 39 32 3 41 19 5 27 9 30 25 16 36 24 14 49 6 8 26 43 17 15 33 1 42 10 35 46 40 12 21 7 50 18 28 48 2 44 23 29 34 45 11 37 47 31 
46 13 27 22 44 2 8 31 34 24 32 9 41 45 49 15 47 7 25 35 43 37 17 3 42 33 29 21 1 26 23 28 12 18 38 4 6 36 11 19 14 48 40 16 39 20 10 30 5 50 
37 13 8 15 35 22 17 46 44 50 20 49 4 39 48 30 3 6 19 33 45 23 41 43 12 27 7 40 9 29 16 5 1 38 14 42 28 2 31 11 18 32 21 24 36 25 34 26 47 10 
44 6 13 17 10 24 4 9 22 30 23 34 31 1 42 16 47 27 7 49 39 35 12 45 36 25 43 2 19 46 33 18 32 48 40 8 50 38 29 14 15 20 26 3 37 21 28 5 11 41 
31 5 23 36 32 10 8 43 28 50 47 4 29 2 34 37 12 11 40 3 39 49 18 26 38 27 16 33 9 15 41 48 6 1 7 44 42 13 19 20 46 35 22 24 14 17 30 21 45 25 
40 25 9 5 36 21 14 7 19 1 44 35 12 4 39 32 45 49 26 11 42 20 23 18 8 13 38 37 10 29 28 17 46 15 31 50 27 16 24 48 30 47 33 6 3 2 41 34 43 22 
8 14 3 18 47 42 5 38 16 44 26 23 6 27 49 46 10 11 7 19 35 29 34 36 39 48 2 33 41 50 45 17 21 22 20 31 40 15 32 4 9 28 24 30 43 13 12 37 1 25 
31 50 22 10 40 35 47 14 4 36 38 1 48 30 44 45 21 15 29 24 11 16 37 9 13 28 41 3 18 39 46 12 2 25 43 33 27 5 26 7 49 8 23 19 42 17 6 32 20 34 
22 33 13 35 12 11 1 42 47 48 28 21 3 23 41 29 16 18 4 20 27 40 50 37 17 2 6 25 45 9 5 39 14 49 38 7 10 44 31 46 8 36 26 15 34 19 32 43 30 24 
15 2 35 10 7 8 24 31 23 18 38 33 3 6 40 20 42 48 44 26 27 50 21 12 39 49 19 36 30 13 25 46 9 29 32 47 43 22 1 4 17 11 45 28 16 37 41 5 34 14 
48 32 10 50 16 3 21 1 26 17 38 49 34 23 29 24 46 22 18 40 36 31 47 33 27 4 45 39 5 14 41 42 8 20 12 44 15 13 43 19 6 37 11 9 35 2 25 28 30 7 
14 15 24 23 1 19 3 13 9 48 27 43 18 10 38 17 36 28 44 42 11 50 2 37 16 47 8 46 49 31 22 5 30 4 6 12 35 33 7 25 40 21 39 29 34 32 45 20 26 41 
39 37 9 38 27 18 41 20 35 45 5 22 6 13 4 19 28 11 31 1 12 15 2 44 32 49 7 42 10 14 43 17 29 21 33 47 50 36 30 8 40 25 16 48 26 34 23 24 3 46 
33 26 40 16 35 48 22 30 49 12 4 20 29 32 1 9 28 5 18 27 45 47 7 11 42 34 15 2 10 36 44 23 37 46 19 25 38 17 31 8 50 6 3 21 39 13 43 14 24 41 
16 21 29 37 19 49 31 11 47 24 12 33 7 5 36 1 18 9 4 15 10 30 48 35 2 6 27 50 42 32 45 46 25 13 14 28 34 22 3 17 44 26 41 39 38 8 23 40 43 20 
16 23 44 35 47 46 11 32 5 25 43 29 15 34 6 49 33 13 50 3 8 17 19 7 4 31 24 37 41 2 30 36 28 26 48 42 38 45 27 14 18 21 10 40 39 1 9 22 20 12 
3 21 31 50 1 49 40 48 8 26 37 24 38 11 47 41 10 6 39 17 36 45 30 32 14 35 22 2 27 4 46 29 19 25 42 12 43 33 15 18 28 23 7 20 5 13 16 44 34 9 
16 48 4 44 17 29 39 7 13 25 14 20 15 37 12 9 46 49 45 27 1 21 34 22 40 42 38 30 33 18 5 41 36 35 2 28 10 3 6 26 8 11 32 43 31 24 47 23 19 50 
10 34 24 37 25 29 13 23 35 42 4 45 28 46 8 15 38 48 44 50 18 11 14 7 49 40 41 33 9 32 20 16 19 27 22 2 17 3 47 21 43 30 26 31 12 36 5 6 1 39 
47 45 21 48 32 1 17 36 18 14 15 41 34 24 20 6 13 27 26 39 33 19 23 2 35 16 11 22 42 43 28 25 9 30 4 44 49 10 3 29 50 8 37 5 38 12 31 7 40 46 
12 39 17 26 46 19 1 20 27 10 49 34 7 2 15 18 30 37 43 24 35 41 21 3 40 23 48 28 36 50 22 42 4 11 47 6 9 33 13 29 44 38 32 31 45 14 25 16 8 5 
31 49 40 13 36 17 45 27 33 2 50 21 39 35 20 30 26 12 22 41 42 16 43 46 38 6 48 7 37 1 34 14 4 15 47 29 5 9 19 3 23 18 32 28 24 8 44 25 10 11 
29 32 19 23 50 40 35 17 5 20 26 46 9 22 27 30 41 1 6 12 28 15 44 36 13 8 25 21 18 10 34 2 31 33 3 47 39 4 24 49 37 48 43 14 16 45 38 11 42 7 
2 12 19 31 18 11 35 34 28 27 36 9 20 38 25 41 17 43 24 3 40 45 29 21 46 22 26 7 33 47 50 4 1 37 30 5 16 10 8 49 13 23 44 42 15 14 48 32 39 6 
49 4 20 12 36 18 35 22 26 25 48 5 13 1 46 39 24 31 14 23 10 8 2 40 27 33 37 29 9 44 11 6 34 32 30 15 45 21 3 47 50 17 38 43 7 19 16 41 42 28 
2 13 34 22 28 11 8 21 47 6 24 3 46 39 27 12 29 50 9 33 25 31 20 42 7 30 16 40 14 36 35 1 15 18 44 45 26 37 32 48 4 43 5 49 19 23 41 38 17 10 
11 39 49 8 36 31 15 14 35 6 42 22 40 21 28 26 29 38 18 48 23 44 9 13 2 27 32 1 7 41 3 19 24 20 5 43 12 37 33 34 30 10 17 46 50 25 16 47 4 45 
34 17 7 27 24 14 26 37 50 5 41 15 39 35 6 12 9 2 20 42 48 23 18 11 8 21 22 4 1 45 16 38 32 36 10 29 40 33 44 46 13 3 31 47 43 19 49 30 28 25 
15 23 11 6 25 43 31 41 32 28 3 26 20 46 4 45 22 2 9 35 38 1 40 16 21 39 30 27 44 49 14 37 18 8 50 5 12 36 13 29 24 7 17 34 48 47 42 19 33 10 
16 45 27 43 6 50 46 17 48 36 25 33 2 28 44 15 8 41 24 23 39 26 12 32 19 18 5 40 31 42 1 11 29 22 4 10 30 14 9 35 49 47 13 21 37 3 20 34 38 7 
32 47 37 14 10 50 29 13 40 33 24 19 49 1 31 48 8 42 16 45 46 11 30 7 39 21 34 43 5 4 28 26 41 44 9 20 35 27 36 23 22 25 15 6 17 38 3 12 2 18 
49 46 39 43 15 21 16 42 19 48 47 20 22 12 37 31 1 17 6 35 32 25 44 11 5 24 45 41 30 36 8 33 7 40 18 29 13 50 26 10 3 38 2 9 28 23 34 27 4 14 
23 35 25 42 48 37 32 8 47 27 28 24 12 49 6 20 15 31 9 19 7 29 41 26 45 3 44 46 17 16 1 13 21 10 5 4 43 22 33 2 11 50 40 34 38 30 18 14 36 39 
5 13 39 33 47 20 19 38 45 10 15 29 21 42 48 35 34 4 24 28 46 43 44 9 32 18 14 1 23 3 2 37 22 26 30 50 11 27 31 41 40 8 12 7 17 36 49 25 6 16 
26 29 14 46 39 23 28 22 38 8 32 34 10 33 25 18 50 12 20 24 41 5 44 42 6 4 45 40 30 17 19 9 27 3 35 47 16 37 7 49 48 13 2 1 31 43 21 36 15 11 
2 16 43 10 1 44 4 29 32 45 15 33 42 11 37 34 46 28 24 21 3 30 39 40 14 27 5 6 49 22 31 12 48 13 19 47 23 50 26 9 8 35 25 41 17 20 7 38 36 18 
6 31 14 44 21 3 23 39 16 12 49 5 50 29 32 18 8 17 4 43 7 41 13 47 27 46 22 36 15 30 45 24 10 34 11 25 48 1 20 28 26 37 2 9 40 33 35 38 42 19 
30 43 5 1 48 28 34 26 2 45 24 4 16 22 44 27 31 35 13 12 38 47 11 37 15 7 50 36 42 20 32 41 3 9 46 21 49 39 25 23 40 17 8 18 10 33 29 14 6 19 
9 31 19 49 45 7 15 37 20 48 3 24 41 33 50 43 22 28 27 13 1 35 23 34 29 17 25 32 30 2 10 11 39 6 46 12 14 5 21 42 16 38 36 26 18 47 40 8 4 44 
44 15 24 40 42 1 20 10 21 8 3 6 41 34 45 30 27 39 14 50 12 5 32 23 28 36 4 22 49 48 2 46 29 25 47 11 7 17 35 38 9 26 16 18 13 33 43 31 37 19 
30 13 42 48 27 36 45 41 24 31 8 10 4 46 35 50 29 39 9 1 33 20 6 16 21 47 34 32 3 12 25 28 11 44 5 40 38 7 37 22 15 19 17 49 14 18 43 26 23 2 
36 3 39 32 5 19 23 4 31 48 46 40 41 25 49 21 8 13 33 42 28 2 50 45 10 37 35 20 18 14 9 15 30 24 34 1 44 7 26 16 17 29 22 27 12 11 6 38 43 47 
26 9 25 7 37 16 1 29 36 35 11 33 28 31 23 27 38 32 10 46 4 6 40 30 8 44 41 15 34 14 2 49 17 3 43 45 21 22 5 13 50 39 12 18 48 20 42 47 19 24 
42 20 30 31 48 5 41 1 32 15 35 14 47 9 40 11 16 19 46 50 38 8 27 24 43 17 45 49 44 39 26 22 21 2 3 12 29 6 13 10 4 37 28 18 7 23 25 36 33 34 
38 18 7 22 5 48 17 45 24 9 21 12 27 29 15 41 28 30 42 44 46 49 47 13 34 4 39 6 36 37 8 20 50 16 11 1 32 31 14 43 35 19 2 40 33 26 23 3 25 10 
44 9 32 43 1 18 35 39 49 23 8 10 34 17 45 20 7 42 5 21 41 47 11 14 22 36 29 25 48 28 6 13 40 37 50 3 16 4 46 15 19 12 31 30 26 2 24 38 33 27 
19 25 14 17 30 18 21 32 29 49 45 50 43 4 39 41 9 47 40 6 2 15 37 31 28 16 27 46 12 36 44 42 11 22 20 7 23 24 33 34 5 35 48 1 8 10 13 3 26 38 
33 9 4 26 6 27 31 15 44 2 40 43 17 24 35 34 36 50 23 45 19 47 28 29 20 42 1 10 8 7 13 18 11 32 41 12 5 30 25 22 49 48 16 38 46 21 37 3 14 39 
4 9 7 50 21 48 44 39 23 22 5 47 30 43 10 34 49 45 19 32 46 36 35 33 3 41 1 8 25 15 14 40 42 12 20 2 24 16 37 13 26 29 11 38 17 18 28 27 31 6 
21 49 16 26 46 27 7 13 2 4 3 34 17 43 23 48 33 22 25 20 14 12 1 6 19 29 18 31 24 41 44 35 11 5 8 40 45 50 36 9 42 47 38 15 28 30 39 32 10 37 
3 16 6 5 9 49 17 38 20 19 18 24 21 10 45 15 13 23 35 4 36 50 34 11 14 47 30 46 8 25 41 12 28 48 44 32 26 2 22 37 42 7 33 29 43 39 27 1 40 31 
20 23 42 45 24 27 15 3 36 26 19 25 10 39 34 38 49 17 7 33 11 29 32 4 35 18 21 48 50 22 44 2 46 37 5 1 30 13 9 31 14 16 43 40 6 47 28 12 8 41 
25 2 20 37 38 27 47 28 46 40 11 36 43 33 15 49 7 50 9 14 48 24 1 21 34 32 5 10 42 35 45 8 22 12 39 6 26 23 41 29 13 44 17 31 3 30 19 4 18 16 
48 27 35 7 49 25 21 42 9 19 20 1 46 47 33 3 11 12 45 40 4 37 36 6 44 39 31 38 18 22 13 23 24 15 50 43 30 10 5 8 34 16 29 32 17 2 41 28 26 14 
39 25 27 14 9 35 1 48 21 38 47 12 34 42 15 13 28 37 10 23 5 32 26 29 41 6 50 18 33 43 44 7 49 20 2 22 40 31 45 36 30 16 46 17 11 24 19 3 4 8 
20 4 34 12 38 6 48 41 47 50 27 21 7 1 8 39 37 5 44 24 15 16 22 35 23 26 2 43 11 14 25 49 33 28 42 30 32 18 17 40 3 36 46 45 19 13 9 10 29 31 
42 11 37 4 41 9 43 33 29 15 28 25 17 7 22 23 31 38 48 35 19 20 10 12 34 36 2 14 21 13 6 44 26 47 18 3 16 46 32 39 30 1 27 40 50 8 5 49 45 24 
38 40 34 17 48 29 45 14 11 16 37 28 46 9 25 35 27 12 19 50 2 36 10 18 8 47 5 21 13 33 3 32 30 20 23 26 39 31 49 24 6 42 1 4 15 43 22 7 41 44 
16 38 11 1 7 13 24 3 14 22 43 37 32 31 36 27 35 10 2 39 48 21 15 47 33 20 42 45 44 25 49 19 26 9 29 30 23 28 46 5 4 8 12 50 18 34 40 17 41 6 
5 37 15 30 27 38 44 36 17 21 16 7 33 12 29 13 31 40 9 50 45 3 48 32 26 18 10 14 43 34 46 23 24 4 49 6 22 28 1 41 25 19 8 20 11 42 39 35 2 47 
18 26 13 39 14 24 21 47 15 17 11 1 38 3 16 46 41 34 27 29 25 4 43 7 49 31 33 48 20 36 30 22 10 28 45 6 9 23 5 50 40 2 8 42 37 44 12 32 35 19 
27 46 36 3 30 44 14 39 48 33 11 10 25 16 17 7 42 41 12 19 49 34 22 29 40 9 13 47 15 20 43 32 18 45 5 23 1 4 50 6 31 26 21 35 8 2 24 38 28 37 
41 43 1 19 17 34 9 32 23 2 4 46 40 15 28 29 33 30 35 6 45 22 50 13 12 26 16 8 3 38 20 39 48 14 25 24 10 31 47 44 49 18 36 11 42 21 27 5 37 7 
7 36 1 37 17 48 18 35 28 29 39 22 15 50 16 49 45 3 20 6 14 44 12 27 32 30 9 25 43 23 11 40 26 47 46 19 31 24 33 8 2 34 42 21 5 38 10 41 13 4 
11 44 4 32 10 17 43 20 31 41 15 7 47 40 22 50 19 16 5 1 26 18 29 23 35 34 33 37 3 38 14 24 9 39 8 30 2 46 25 6 48 28 49 42 13 21 45 27 36 12 
43 6 22 18 16 32 33 49 35 37 46 38 41 50 19 47 31 17 5 14 20 10 28 3 24 13 1 2 8 4 15 9 34 7 26 44 25 40 29 27 23 45 42 11 36 21 39 48 30 12 
5 2 14 37 26 20 29 39 32 16 4 21 7 30 3 8 23 31 17 42 34 24 27 1 47 36 13 6 25 15 11 50 46 38 41 48 22 18 10 43 45 40 49 12 9 44 19 33 35 28 
22 21 4 41 1 33 46 16 12 49 8 34 19 15 44 7 40 24 43 13 29 10 20 30 45 26 9 32 48 5 25 17 14 42 31 18 28 6 36 11 37 3 39 2 27 38 35 50 47 23 
30 28 43 7 24 35 4 5 8 25 2 29 22 48 11 32 38 18 40 26 50 10 46 47 23 16 3 15 34 45 31 36 27 19 49 20 1 21 44 17 6 9 41 12 37 42 39 33 14 13 
21 12 42 20 14 19 26 27 39 49 47 43 44 23 1 4 40 45 38 17 31 11 48 9 13 8 22 24 41 46 33 35 36 34 25 50 28 32 18 3 10 7 2 37 29 15 16 5 30 6 
34 9 21 46 17 7 50 16 20 35 36 48 33 22 23 8 10 14 28 25 2 32 24 19 40 38 44 31 39 3 30 41 43 45 42 18 26 11 15 1 12 4 37 47 6 27 13 49 5 29 
38 39 34 17 9 24 7 36 31 8 2 19 14 35 49 3 45 27 16 13 5 43 48 37 4 42 50 40 30 44 46 6 21 12 10 47 26 11 28 23 15 1 20 29 41 22 33 32 25 18 
13 12 23 4 15 7 28 16 48 43 24 5 17 33 29 14 34 8 46 49 32 39 45 27 3 30 21 6 41 37 26 36 9 11 2 50 25 44 38 20 35 42 22 18 31 1 47 40 10 19 
8 15 47 23 36 7 26 13 38 44 1 20 35 32 17 21 10 12 3 29 39 42 30 27 50 40 11 6 46 14 34 18 49 28 45 37 19 41 22 43 24 48 25 2 31 5 9 4 16 33 
42 25 37 18 43 9 49 30 38 32 27 35 2 48 44 7 34 23 15 45 33 13 5 29 24 47 46 6 36 17 10 22 21 12 4 14 40 20 26 3 39 41 31 11 16 28 19 8 1 50 
1 50 41 12 20 25 44 17 3 31 21 10 43 13 42 30 32 47 15 28 48 9 46 36 2 37 18 16 39 11 6 19 45 40 22 14 8 24 5 27 33 35 23 34 7 29 26 38 49 4 
33 47 30 44 4 37 20 46 7 13 5 42 26 31 24 17 12 48 21 1 38 40 19 34 25 15 2 8 23 41 6 27 45 32 50 3 35 36 43 9 18 10 29 49 28 11 16 22 39 14 
39 50 9 11 14 23 38 4 21 28 7 48 25 35 18 10 16 20 19 12 2 45 30 29 27 49 22 41 47 33 6 3 13 8 43 31 46 32 1 5 34 36 42 15 40 26 24 17 44 37 
49 15 6 42 27 8 18 30 35 39 17 2 5 11 4 46 3 28 10 20 48 1 19 13 21 25 36 34 29 38 37 12 26 31 9 50 43 41 22 7 44 40 47 45 16 14 24 32 33 23 
48 3 28 20 42 1 34 18 22 19 10 43 15 32 37 49 17 40 24 8 36 44 4 25 41 23 27 7 29 38 46 39 16 14 5 6 35 9 26 31 50 21 30 47 13 33 45 2 11 12 
35 26 49 9 5 50 43 7 19 15 20 6 28 10 33 2 36 34 37 23 38 3 32 12 16 17 27 42 47 21 18 41 39 46 8 44 25 31 24 29 1 11 22 45 48 4 30 14 40 13 
6 18 32 12 8 50 42 37 7 23 31 30 39 38 17 36 14 49 11 29 20 10 28 24 13 21 16 1 48 25 3 45 19 27 4 22 44 9 2 46 15 47 33 34 43 41 40 35 26 5 
35 41 23 36 7 5 40 3 20 33 6 15 45 25 10 50 30 28 48 19 39 43 29 12 34 32 11 24 37 18 47 13 31 1 42 26 49 46 38 21 4 17 44 9 27 8 16 2 14 22 
16 50 36 48 49 43 1 19 44 10 2 41 26 25 6 14 18 7 21 12 31 39 35 32 9 29 45 17 40 4 47 3 34 23 22 8 46 24 30 13 37 5 28 11 27 33 20 38 42 15 
7 24 44 10 3 26 12 5 14 37 8 17 49 6 27 2 38 45 13 30 32 33 31 11 15 42 46 28 39 41 40 9 4 19 34 48 21 22 18 47 20 29 36 1 23 43 35 50 16 25 
11 26 7 33 2 31 38 37 14 17 44 30 48 22 29 24 36 49 12 34 15 27 45 39 25 6 41 50 4 19 32 28 1 23 18 35 10 42 9 13 5 43 47 3 46 20 8 16 21 40 
28 2 4 39 38 20 33 7 43 35 44 32 46 1 17 11 15 31 13 49 27 24 29 47 12 36 6 19 48 42 26 14 22 45 37 18 3 40 21 16 8 9 30 41 34 10 5 23 50 25 
7 26 38 16 4 40 32 49 43 11 25 41 12 50 3 14 27 36 15 1 13 42 29 44 23 34 47 33 46 28 35 17 45 37 22 6 18 10 8 21 20 31 24 30 39 2 48 5 9 19 
34 49 46 14 42 45 13 39 18 3 30 43 31 10 17 23 27 50 15 37 8 29 47 26 1 2 38 16 25 9 6 22 36 35 4 40 44 19 7 48 12 11 28 32 41 21 33 24 20 5 
9 30 25 44 31 34 43 42 8 40 49 7 11 46 4 32 6 38 23 14 36 5 21 50 2 19 10 24 18 45 39 3 12 26 16 33 37 27 48 47 17 20 15 22 28 35 13 1 29 41 
32 38 41 6 11 15 48 36 43 29 22 9 44 3 45 24 40 35 5 1 49 16 4 10 19 47 31 37 12 21 34 42 2 8 17 33 28 27 39 13 30 18 50 14 46 20 23 26 7 25 
49 1 34 26 46 35 28 11 12 47 4 10 14 7 17 42 33 21 30 6 22 16 23 38 45 8 40 44 24 19 27 5 41 43 3 29 37 15 32 48 13 9 50 39 36 20 18 31 25 2 
19 33 36 6 31 23 5 4 41 1 42 8 32 37 29 45 3 49 2 16 44 39 18 26 21 34 27 35 38 14 28 22 9 10 13 46 17 11 47 43 12 48 7 20 50 24 30 40 25 15 
2 32 11 29 17 4 36 49 39 41 31 37 1 33 46 40 43 35 50 44 34 10 38 14 3 25 13 27 9 24 7 6 16 5 18 8 23 30 21 12 42 26 20 47 48 19 22 15 45 28 
19 16 44 28 35 27 11 38 13 15 25 41 29 20 10 30 18 7 36 17 21 33 37 43 32 23 45 8 34 1 4 26 3 42 47 24 9 50 12 5 48 6 22 2 31 14 49 46 40 39 
44 14 6 23 33 9 21 40 13 45 34 11 27 35 10 46 28 30 43 32 18 12 37 24 15 38 39 50 4 8 2 22 19 31 5 29 49 17 1 25 47 42 48 41 3 20 7 36 26 16 
35 15 31 2 20 38 8 22 11 37 10 49 32 28 27 33 14 30 45 40 46 6 13 25 47 5 34 23 26 42 12 19 3 43 1 21 24 4 41 29 18 36 48 17 9 44 7 39 16 50 
21 43 50 33 20 41 9 47 45 1 5 22 32 10 23 27 44 37 4 19 35 18 8 26 13 25 3 2 6 14 15 34 7 24 12 48 36 46 31 30 38 28 42 16 11 40 39 17 49 29 
43 25 31 47 45 32 21 10 44 37 8 20 3 48 46 6 2 35 17 29 30 18 23 4 15 40 36 41 33 39 5 49 11 13 19 27 12 16 7 14 9 38 1 50 24 22 42 26 28 34 
28 15 29 9 50 19 7 25 31 45 40 47 1 23 4 12 37 17 42 18 20 36 46 39 3 33 32 24 5 16 2 49 14 35 27 30 41 26 13 44 34 21 10 38 6 8 11 22 43 48 
45 22 40 4 38 21 31 39 23 50 47 30 11 44 46 32 3 37 27 17 14 18 10 49 1 8 13 24 34 42 43 41 33 28 16 35 48 19 26 20 7 36 6 15 12 2 5 9 25 29 
29 24 39 21 35 14 20 11 44 23 4 19 13 31 30 34 10 41 16 6 43 8 7 17 38 3 27 26 48 2 1 12 18 49 5 25 50 32 28 46 42 40 36 15 45 37 33 47 9 22 
1 47 24 20 12 46 8 42 34 30 18 48 35 22 25 7 32 39 4 19 28 29 21 11 33 17 37 3 44 14 16 6 40 36 31 26 27 15 23 9 43 38 2 49 5 41 50 13 10 45 
17 38 33 13 23 18 29 50 9 36 12 43 31 49 32 45 3 30 2 44 27 4 39 15 40 8 37 26 34 16 46 42 28 11 14 10 1 25 21 5 6 48 19 22 20 41 47 7 24 35 
9 37 18 29 12 45 36 6 10 1 20 11 42 47 8 23 22 24 7 4 27 43 46 28 2 15 32 26 16 19 48 41 49 17 13 5 31 14 25 39 3 38 34 30 33 50 40 44 35 21 
39 10 27 50 38 26 37 5 21 43 41 23 11 1 44 42 2 8 40 20 29 15 46 7 9 3 19 33 35 28 25 30 49 22 16 36 18 4 12 14 17 48 45 47 32 34 24 13 31 6 
16 42 25 5 4 37 8 46 2 23 6 41 14 38 40 28 43 34 27 21 48 1 45 35 31 44 33 32 10 36 12 3 17 26 19 20 39 18 49 15 13 47 9 22 30 50 11 24 7 29 
35 42 17 46 16 1 12 49 37 13 39 15 14 32 47 34 4 8 41 33 20 23 38 19 24 44 40 5 3 10 45 11 7 50 30 36 21 9 48 6 31 43 29 26 18 22 27 28 25 2 
45 36 4 2 9 38 26 40 37 31 3 15 19 11 27 29 22 34 5 23 18 33 21 30 46 43 49 1 7 32 24 47 6 41 35 48 28 17 13 42 39 44 50 8 12 14 25 16 20 10 
1 14 48 49 12 31 7 46 3 10 40 38 8 27 45 44 36 25 28 2 33 9 47 5 23 22 20 42 41 19 16 35 39 21 43 26 24 6 13 29 18 15 11 30 34 17 50 4 32 37 
42 30 4 39 34 14 27 28 17 21 41 50 44 1 25 11 2 47 12 8 22 36 38 46 35 7 45 32 16 48 15 10 18 40 26 23 5 9 37 3 24 31 33 19 49 43 20 29 13 6 
44 50 15 27 17 6 10 30 49 40 11 12 31 22 25 43 9 28 34 21 14 26 19 36 24 29 45 23 48 35 2 32 39 1 41 18 4 42 38 47 7 3 13 16 33 46 20 8 5 37 
16 50 5 14 48 41 20 19 28 4 40 13 49 25 3 29 23 15 22 1 30 27 31 39 32 38 12 17 8 42 34 36 35 47 6 43 11 45 46 7 26 10 33 44 9 2 24 21 18 37 
28 35 32 48 11 20 3 26 30 33 14 24 31 49 41 8 36 6 10 16 2 12 1 44 37 7 40 21 4 43 29 25 50 18 19 27 15 23 22 34 13 9 5 47 45 39 42 46 17 38 
37 41 12 16 35 36 48 9 28 24 40 27 39 13 17 25 6 49 26 46 3 10 1 7 18 50 19 23 47 2 21 34 42 38 43 33 5 44 4 22 11 32 8 30 31 45 20 14 15 29 
39 8 43 37 31 9 28 14 50 24 15 1 49 5 18 25 23 7 46 35 47 40 26 34 20 10 42 48 38 33 45 27 41 30 22 19 4 11 13 36 44 29 6 32 3 12 21 17 16 2 
38 4 50 23 10 27 2 35 14 22 1 16 6 36 44 28 31 30 42 9 25 47 45 40 7 5 39 34 43 21 11 41 3 13 12 24 33 20 37 48 18 26 29 32 8 15 49 19 46 17 
28 29 20 33 18 13 25 50 41 10 35 46 45 9 27 30 5 24 43 21 34 7 49 16 38 37 48 23 26 42 19 12 36 1 4 17 6 2 31 22 14 44 32 11 8 39 3 40 47 15 